000000.png 000.00
5 370 133 
000001.png 000.20
5 370 130 
000002.png 000.40
5 369 126 
000004.png 000.80
5 363 117 
000005.png 001.00
5 363 103 
000009.png 001.80
5 349 49 
000010.png 002.00
5 348 31 
000025.png 005.00
5 530 25 
000027.png 005.40
5 545 44 
000036.png 007.20
5 449 92 
000041.png 008.20
5 366 69 
000043.png 008.60
5 357 55 
000044.png 008.80
5 362 49 
000045.png 009.00
5 366 45 
000046.png 009.20
5 373 41 
000048.png 009.60
5 398 41 
000049.png 009.80
5 408 36 
000050.png 010.00
5 409 40 
000052.png 010.40
5 425 32 
000054.png 010.80
5 438 48 
000057.png 011.40
5 429 92 
000067.png 013.40
5 261 94 
000068.png 013.60
5 251 87 
000069.png 013.80
5 244 77 
000070.png 014.00
5 242 68 
000071.png 014.20
5 242 61 
000072.png 014.40
5 243 54 
000073.png 014.60
5 246 46 
000074.png 014.80
5 250 41 
000075.png 015.00
5 258 33 
000088.png 017.60
5 394 58 
000089.png 017.80
5 394 69 
000090.png 018.00
5 390 83 
000091.png 018.20
5 382 93 
000095.png 019.00
5 333 105 
000098.png 019.60
5 293 93 
000099.png 019.80
5 282 88 
000100.png 020.00
5 274 81 
000102.png 020.40
5 268 73 
000103.png 020.60
5 268 66 
000105.png 021.00
5 278 48 
000106.png 021.20
5 286 36 
000109.png 021.80
5 325 25 
000110.png 022.00
5 338 29 
000112.png 022.40
5 357 42 
000113.png 022.60
5 366 48 
000114.png 022.80
5 372 55 
000116.png 023.20
5 378 78 
000117.png 023.40
5 374 89 
000118.png 023.60
5 369 96 
000123.png 024.60
5 307 98 
000125.png 025.00
5 284 86 
000126.png 025.20
5 274 78 
000128.png 025.60
5 270 61 
000130.png 026.00
5 277 47 
000131.png 026.20
5 287 37 
000132.png 026.40
5 301 31 
000133.png 026.60
5 314 25 
000134.png 026.80
5 326 23 
000135.png 027.00
5 339 21 
000136.png 027.20
5 352 20 
000137.png 027.40
5 364 18 
000141.png 028.20
5 416 27 
000142.png 028.40
5 423 34 
000143.png 028.60
5 426 36 
000145.png 029.00
5 430 52 
000146.png 029.20
5 435 55 
000148.png 029.60
5 458 74 
000152.png 030.40
5 486 52 
000153.png 030.60
5 489 44 
000155.png 031.00
5 510 30 
000156.png 031.20
5 520 27 
000159.png 031.80
5 564 25 
000161.png 032.20
5 587 17 
000162.png 032.40
5 587 14 
000163.png 032.60
5 588 18 
000164.png 032.80
5 594 20 
000166.png 033.20
5 613 12 
000167.png 033.40
5 612 11 
000169.png 033.80
5 601 6 
000170.png 034.00
5 590 13 
000173.png 034.60
5 543 29 
000174.png 034.80
5 531 27 
000175.png 035.00
5 518 25 
000176.png 035.20
5 513 21 
000177.png 035.40
5 512 20 
000178.png 035.60
5 507 20 
000179.png 035.80
5 502 9 
000180.png 036.00
5 493 13 
000186.png 037.20
5 490 8 
000187.png 037.40
5 489 16 
000188.png 037.60
5 486 20 
000189.png 037.80
5 482 17 
000190.png 038.00
5 479 12 
000260.png 052.00
3 20 163 
000261.png 052.20
3 35 170 
000262.png 052.40
3 52 162 
000263.png 052.60
3 68 161 
000264.png 052.80
3 77 162 
000265.png 053.00
3 96 169 
000266.png 053.20
3 106 175 
000267.png 053.40
3 123 181 
000268.png 053.60
3 138 188 
000269.png 053.80
3 152 193 
000270.png 054.00
3 168 199 
000271.png 054.20
3 185 200 
000273.png 054.60
3 218 199 
000274.png 054.80
3 233 199 
000275.png 055.00
3 244 199 
000276.png 055.20
3 257 198 
000277.png 055.40
3 269 204 
000278.png 055.60
3 282 202 
000279.png 055.80
3 294 207 
000280.png 056.00
3 306 203 
000283.png 056.60
3 339 215 
000287.png 057.40
3 388 229 
000288.png 057.60
3 395 233 
000289.png 057.80
3 404 240 
000290.png 058.00
3 416 244 
000294.png 058.80
3 476 257 
000295.png 059.00
3 485 262 
000296.png 059.20
3 494 265 
000297.png 059.40
3 503 263 
000298.png 059.60
3 515 261 
000300.png 060.00
3 538 258 
000301.png 060.20
3 553 262 
000302.png 060.40
3 569 267 
000303.png 060.60
3 580 276 
000305.png 061.00
3 604 274 
000307.png 061.40
3 617 275 
000405.png 081.00
3 207 230 
000406.png 081.20
3 208 233 
000407.png 081.40
3 210 229 
000409.png 081.80
3 207 222 
000410.png 082.00
3 196 219 
000411.png 082.20
3 184 215 
000412.png 082.40
3 178 218 
000413.png 082.60
3 166 218 
000415.png 083.00
3 143 220 
000417.png 083.40
3 133 211 
000418.png 083.60
3 132 210 
000419.png 083.80
3 136 216 
000420.png 084.00
3 145 213 
000421.png 084.20
3 159 209 
000422.png 084.40
3 166 216 
000423.png 084.60
3 170 220 
000424.png 084.80
3 172 222 
000425.png 085.00
3 175 219 
000426.png 085.20
3 175 215 
000427.png 085.40
3 166 220 
000428.png 085.60
3 162 217 
000429.png 085.80
3 159 227 
000430.png 086.00
3 159 223 
000431.png 086.20
3 160 219 
000432.png 086.40
3 166 212 
000433.png 086.60
3 172 210 
000434.png 086.80
3 176 215 
000435.png 087.00
3 179 219 
000436.png 087.20
3 187 223 
000437.png 087.40
3 192 220 
000438.png 087.60
3 192 216 
000439.png 087.80
3 192 208 
000440.png 088.00
3 186 203 
000441.png 088.20
3 181 199 
000442.png 088.40
3 177 203 
000443.png 088.60
3 177 208 
000444.png 088.80
3 173 209 
000445.png 089.00
3 169 202 
000446.png 089.20
3 162 197 
000447.png 089.40
3 158 194 
000448.png 089.60
3 160 198 
000449.png 089.80
3 162 202 
000450.png 090.00
3 174 204 
000451.png 090.20
3 181 206 
000452.png 090.40
3 186 199 
000453.png 090.60
3 189 193 
000454.png 090.80
3 188 192 
000455.png 091.00
3 186 198 
000456.png 091.20
3 185 194 
000457.png 091.40
3 180 207 
000458.png 091.60
3 170 211 
000459.png 091.80
3 162 217 
000460.png 092.00
3 156 218 
000461.png 092.20
3 154 222 
000462.png 092.40
3 150 239 
000463.png 092.60
3 158 246 
000464.png 092.80
3 165 246 
000465.png 093.00
3 169 246 
000466.png 093.20
3 166 245 
000467.png 093.40
3 163 242 
000468.png 093.60
3 155 245 
000469.png 093.80
3 147 243 
000470.png 094.00
3 142 250 
000471.png 094.20
3 136 252 
000472.png 094.40
3 128 256 
000473.png 094.60
3 124 256 
000474.png 094.80
3 121 258 
000475.png 095.00
3 128 265 
000476.png 095.20
3 133 265 
000477.png 095.40
3 135 265 
000478.png 095.60
3 134 266 
000479.png 095.80
3 132 264 
000480.png 096.00
3 122 263 
000481.png 096.20
3 110 266 
000482.png 096.40
3 99 264 
000483.png 096.60
3 94 277 
000484.png 096.80
3 82 276 
000485.png 097.00
3 70 275 
000486.png 097.20
3 60 275 
000487.png 097.40
3 57 278 
000488.png 097.60
3 59 286 
000489.png 097.80
3 61 282 
000490.png 098.00
3 59 284 
000491.png 098.20
3 58 288 
000492.png 098.40
3 57 286 
000632.png 126.40
3 347 262 
000633.png 126.60
3 341 253 
000634.png 126.80
3 342 253 
000635.png 127.00
3 344 252 
000636.png 127.20
3 353 255 
000639.png 127.80
3 399 255 
000640.png 128.00
3 410 267 
000641.png 128.20
3 415 268 
000642.png 128.40
3 417 272 
000643.png 128.60
3 421 257 
000644.png 128.80
3 419 258 
000645.png 129.00
3 409 256 
000646.png 129.20
3 404 255 
000647.png 129.40
3 403 257 
000648.png 129.60
3 406 263 
000649.png 129.80
3 414 264 
000650.png 130.00
3 418 271 
000651.png 130.20
3 421 262 
000652.png 130.40
3 423 265 
000653.png 130.60
3 424 266 
000654.png 130.80
3 427 264 
000656.png 131.20
3 442 272 
000657.png 131.40
3 449 266 
000658.png 131.60
3 444 265 
000659.png 131.80
3 440 259 
000660.png 132.00
3 443 262 
000661.png 132.20
3 448 266 
000662.png 132.40
3 456 262 
000663.png 132.60
3 463 273 
000664.png 132.80
3 467 276 
000665.png 133.00
3 470 276 
000666.png 133.20
3 475 269 
000667.png 133.40
3 477 268 
000668.png 133.60
3 482 271 
000669.png 133.80
3 490 273 
000670.png 134.00
3 494 275 
000671.png 134.20
3 493 268 
000672.png 134.40
3 495 266 
000673.png 134.60
3 498 264 
000674.png 134.80
3 506 262 
000675.png 135.00
3 517 256 
000676.png 135.20
3 521 276 
000677.png 135.40
3 522 283 
000678.png 135.60
3 526 291 
000679.png 135.80
3 529 286 
000680.png 136.00
3 534 280 
000681.png 136.20
3 539 275 
000682.png 136.40
3 544 290 
000683.png 136.60
3 553 286 
000684.png 136.80
3 556 298 
000685.png 137.00
3 560 301 
000686.png 137.20
3 571 298 
000687.png 137.40
3 578 288 
000688.png 137.60
3 592 294 
000689.png 137.80
3 615 309 
000728.png 145.60
3 278 236 
000739.png 147.80
3 252 223 
000741.png 148.20
3 254 229 
000744.png 148.80
3 255 236 
000748.png 149.60
3 222 235 
000749.png 149.80
3 215 235 
000751.png 150.20
3 223 242 
000752.png 150.40
3 231 245 
000753.png 150.60
3 237 243 
000757.png 151.40
3 231 256 
000758.png 151.60
3 229 252 
000760.png 152.00
3 222 250 
000762.png 152.40
3 217 253 
000763.png 152.60
3 218 261 
000764.png 152.80
3 224 254 
000765.png 153.00
3 224 254 
000766.png 153.20
3 226 247 
000767.png 153.40
3 227 247 
000768.png 153.60
3 225 242 
000769.png 153.80
3 223 241 
000770.png 154.00
3 222 240 
000771.png 154.20
3 217 242 
000772.png 154.40
3 209 243 
000773.png 154.60
3 203 251 
000774.png 154.80
3 198 249 
000775.png 155.00
3 201 251 
000776.png 155.20
3 207 249 
000777.png 155.40
3 215 244 
000778.png 155.60
3 218 234 
000779.png 155.80
3 219 230 
000780.png 156.00
3 214 228 
000781.png 156.20
3 208 232 
000782.png 156.40
3 203 233 
000783.png 156.60
3 204 228 
000784.png 156.80
3 202 234 
000785.png 157.00
3 196 237 
000786.png 157.20
3 191 239 
000787.png 157.40
3 191 245 
000788.png 157.60
3 196 254 
000789.png 157.80
3 204 248 
000790.png 158.00
3 207 247 
000791.png 158.20
3 209 245 
000792.png 158.40
3 205 241 
000793.png 158.60
3 201 238 
000794.png 158.80
3 198 244 
000795.png 159.00
3 200 233 
000796.png 159.20
3 197 235 
000797.png 159.40
3 188 233 
000798.png 159.60
3 180 235 
000799.png 159.80
3 175 237 
000800.png 160.00
3 177 240 
000801.png 160.20
3 184 228 
000802.png 160.40
3 184 228 
000803.png 160.60
3 186 223 
000804.png 160.80
3 186 230 
000805.png 161.00
3 179 233 
000806.png 161.20
3 170 239 
000807.png 161.40
3 164 239 
000808.png 161.60
3 155 240 
000809.png 161.80
3 147 241 
000810.png 162.00
3 138 242 
000811.png 162.20
3 133 242 
000812.png 162.40
3 138 249 
000813.png 162.60
3 153 243 
000814.png 162.80
3 155 245 
000815.png 163.00
3 150 240 
000816.png 163.20
3 149 237 
000817.png 163.40
3 146 239 
000818.png 163.60
3 141 243 
000820.png 164.00
3 134 233 
000821.png 164.20
3 125 236 
000822.png 164.40
3 117 238 
000823.png 164.60
3 109 246 
000824.png 164.80
3 107 251 
000826.png 165.20
3 116 254 
000827.png 165.40
3 116 251 
000828.png 165.60
3 118 243 
000829.png 165.80
3 117 242 
000830.png 166.00
3 107 244 
000831.png 166.20
3 95 251 
000832.png 166.40
3 87 260 
000833.png 166.60
3 81 262 
000834.png 166.80
3 73 260 
000835.png 167.00
3 63 258 
000836.png 167.20
3 57 259 
000837.png 167.40
3 56 262 
000838.png 167.60
3 58 260 
000839.png 167.80
3 57 260 
000840.png 168.00
3 56 252 
000841.png 168.20
3 55 250 
000842.png 168.40
3 45 253 
000843.png 168.60
3 34 256 
000844.png 168.80
3 24 255 
000845.png 169.00
3 15 261 
000872.png 174.40
3 359 211 
000879.png 175.80
3 375 209 
000880.png 176.00
3 374 211 
000882.png 176.40
3 366 222 
000885.png 177.00
3 363 214 
000886.png 177.20
3 367 217 
000888.png 177.60
3 376 219 
000890.png 178.00
3 380 216 
000891.png 178.20
3 376 218 
000894.png 178.80
3 357 220 
000895.png 179.00
3 350 215 
000896.png 179.20
3 348 216 
000897.png 179.40
3 345 215 
000898.png 179.60
3 347 217 
000901.png 180.20
3 366 215 
000902.png 180.40
3 370 213 
000903.png 180.60
3 376 215 
000904.png 180.80
3 377 216 
000905.png 181.00
3 380 223 
000906.png 181.20
3 379 217 
000907.png 181.40
3 376 216 
000908.png 181.60
3 370 215 
000909.png 181.80
3 367 216 
000910.png 182.00
3 370 219 
000911.png 182.20
3 380 224 
000912.png 182.40
3 388 217 
000913.png 182.60
3 392 216 
000914.png 182.80
3 393 214 
000915.png 183.00
3 397 217 
000916.png 183.20
3 394 217 
000917.png 183.40
3 391 221 
000918.png 183.60
3 388 212 
000919.png 183.80
3 383 216 
000920.png 184.00
3 375 215 
000921.png 184.20
3 374 218 
000922.png 184.40
3 374 221 
000923.png 184.60
3 382 223 
000924.png 184.80
3 393 210 
000925.png 185.00
3 400 211 
000926.png 185.20
3 403 210 
000927.png 185.40
3 407 214 
000928.png 185.60
3 404 215 
000929.png 185.80
3 401 222 
000930.png 186.00
3 397 215 
000931.png 186.20
3 393 212 
000932.png 186.40
3 389 209 
000933.png 186.60
3 387 213 
000934.png 186.80
3 387 218 
000936.png 187.20
3 382 232 
000937.png 187.40
3 387 228 
000938.png 187.60
3 387 224 
000939.png 187.80
3 390 229 
000940.png 188.00
3 385 232 
000941.png 188.20
3 383 238 
000942.png 188.40
3 382 237 
000943.png 188.60
3 379 235 
000944.png 188.80
3 375 235 
000945.png 189.00
3 372 237 
000946.png 189.20
3 372 240 
000947.png 189.40
3 377 246 
000948.png 189.60
3 384 238 
000949.png 189.80
3 390 242 
000950.png 190.00
3 392 244 
000951.png 190.20
3 398 250 
000952.png 190.40
3 401 251 
000953.png 190.60
3 398 245 
000954.png 190.80
3 395 240 
000955.png 191.00
3 396 237 
000956.png 191.20
3 389 229 
000957.png 191.40
3 386 235 
000958.png 191.60
3 386 239 
000959.png 191.80
3 392 247 
000960.png 192.00
3 397 240 
000961.png 192.20
3 408 237 
000962.png 192.40
3 414 237 
000963.png 192.60
3 423 241 
000964.png 192.80
3 426 246 
000965.png 193.00
3 421 248 
000966.png 193.20
3 416 246 
000967.png 193.40
3 418 251 
000968.png 193.60
3 415 248 
000969.png 193.80
3 409 243 
000970.png 194.00
3 406 240 
000971.png 194.20
3 410 244 
000972.png 194.40
3 410 248 
000973.png 194.60
3 418 252 
000974.png 194.80
3 426 254 
000975.png 195.00
3 434 254 
000976.png 195.20
3 438 256 
000977.png 195.40
3 437 257 
000978.png 195.60
3 433 259 
000979.png 195.80
3 433 256 
000980.png 196.00
3 435 254 
000981.png 196.20
3 435 258 
000982.png 196.40
3 436 257 
000983.png 196.60
3 443 259 
000984.png 196.80
3 448 250 
000985.png 197.00
3 459 265 
000986.png 197.20
3 465 257 
000987.png 197.40
3 474 258 
000988.png 197.60
3 478 258 
000989.png 197.80
3 480 265 
000990.png 198.00
3 476 264 
000991.png 198.20
3 476 264 
000992.png 198.40
3 474 259 
000993.png 198.60
3 471 257 
000994.png 198.80
3 470 257 
000995.png 199.00
3 474 258 
000996.png 199.20
3 478 259 
000997.png 199.40
3 476 262 
000998.png 199.60
3 474 256 
000999.png 199.80
3 484 262 
001000.png 200.00
3 489 266 
001001.png 200.20
3 493 267 
001002.png 200.40
3 497 262 
001003.png 200.60
3 503 261 
001004.png 200.80
3 502 249 
001005.png 201.00
3 510 257 
001006.png 201.20
3 513 256 
001007.png 201.40
3 516 259 
001008.png 201.60
3 524 265 
001009.png 201.80
3 536 268 
001010.png 202.00
3 542 267 
001011.png 202.20
3 552 270 
001012.png 202.40
3 560 272 
001013.png 202.60
3 567 273 
001014.png 202.80
3 570 283 
001015.png 203.00
3 575 286 
001016.png 203.20
3 578 283 
001017.png 203.40
3 580 286 
001018.png 203.60
3 583 283 
001019.png 203.80
3 598 283 
