1.6
1.8
3.2
4
4.6
5.2
5.6
6.2
7.6
8
8.800000000000001
9.4
9.800000000000001
10.4
14.4
15.8
16.4
16.8
17.4
19.2
20.6
22.2
23.6
24.8
25.4
28.4
29.4
30.4
32
32.4
33
33.8
34.8
36
36.6
40.6
42.4
46.2
49.6
52.2
53.6
54.4
55.4
56
57
57.8
58.4
59.2
60.4
61.6
62.6
64
65.40000000000001
67.59999999999999
68.40000000000001
69.2
70.40000000000001
71.8
72.8
74.2
75.8
76.40000000000001
77.40000000000001
78.2
78.59999999999999
79.40000000000001
80.2
81.2
82.40000000000001
83.8
84
84.40000000000001
84.59999999999999
85
85.59999999999999
